FILM_ID|ACTOR_ID
694|65
839|68
26|130
149|120
209|107
802|157
413|182
964|152
982|174
159|149
129|195
386|53
518|61
406|62
161|87
993|51
781|107
917|137
304|81
893|21
650|110
552|50
212|89
534|107
91|12
935|23
136|106
31|2
296|171
722|174
319|167
925|170
163|86
242|82
87|56
597|28
542|122
758|16
909|146
706|143
438|168
613|127
442|175
188|168
699|44
249|63
219|191
517|52
714|200
618|192
978|99
353|157
670|19
497|82
937|193
951|52
615|152
17|3
15|105
6|21
421|165
186|26
105|116
949|149
431|129
262|90
473|144
364|86
238|128
623|86
858|90
289|177
85|5
444|29
254|58
139|170
307|64
732|30
598|44
993|114
163|194
255|68
987|147
553|135
969|113
205|11
970|54
423|172
865|72
670|140
771|90
341|167
573|176
81|132
39|104
80|193
925|45
49|119
275|94
840|158
465|81
935|76
730|5
957|85
482|151
466|40
409|107
637|107
243|12
297|121
372|105
668|191
38|166
836|126
398|4
983|10
36|73
427|32
500|17
76|187
216|86
277|1
920|39
29|197
121|83
16|146
507|21
254|147
450|112
260|80
533|189
233|139
571|65
342|89
642|169
385|90
970|138
89|43
697|53
673|42
655|101
910|129
253|60
979|197
169|164
930|55
936|8
60|101
200|102
693|140
322|112
208|63
282|139
668|144
154|33
478|130
801|191
772|39
303|157
177|97
618|3
43|34
96|126
628|197
857|140
929|10
734|98
837|196
590|155
446|138
768|187
88|194
146|171
368|31
920|129
705|156
834|68
755|58
162|176
512|189
331|68
385|71
785|163
410|132
538|200
663|74
401|104
895|103
673|195
662|188
717|88
563|177
696|128
66|76
1|1
688|22
705|174
362|149
715|183
222|39
821|152
337|117
548|86
815|100
827|174
129|175
434|163
606|102
414|23
813|95
636|11
779|34
720|69
894|106
208|159
467|73
694|77
583|16
384|116
622|180
298|147
671|187
477|37
650|59
703|151
190|109
36|96
67|155
712|33
366|20
432|117
374|190
73|176
622|80
628|167
95|185
786|109
961|114
509|140
551|82
527|151
404|25
129|197
823|70
594|15
142|60
424|66
686|21
885|121
953|150
294|167
42|3
940|51
401|161
494|123
616|64
3|19
967|184
693|119
775|156
108|52
758|137
923|86
530|78
43|126
520|86
868|90
585|103
197|146
201|35
648|61
178|147
287|104
713|157
6|197
649|61
155|12
220|107
546|95
522|13
194|106
800|159
166|1
250|99
878|86
672|12
570|139
389|35
812|85
691|7
282|154
731|146
631|149
168|150
697|25
42|62
48|58
518|2
592|195
661|184
437|181
90|34
63|197
540|27
483|158
666|121
480|3
197|117
445|62
643|103
263|83
612|77
199|58
121|51
618|92
43|141
575|196
929|34
497|143
554|197
158|122
25|7
737|33
216|199
695|27
56|33
453|130
284|196
80|16
999|52
709|55
549|78
849|141
658|65
341|141
378|68
220|155
751|44
39|191
600|159
773|188
177|12
762|144
858|4
172|107
833|165
361|125
562|190
856|14
647|150
54|190
459|117
920|21
223|76
78|169
188|141
149|200
502|34
854|44
650|9
502|42
576|183
842|23
612|55
463|45
662|92
896|11
246|123
199|103
973|185
458|77
469|160
445|93
252|41
175|177
860|123
877|170
9|175
222|121
827|38
112|140
797|30
561|82
571|13
620|136
414|7
420|12
116|113
226|148
914|35
777|47
898|152
303|155
742|140
768|46
285|103
290|82
501|38
858|80
409|145
367|79
654|122
609|172
468|126
844|56
364|159
593|123
452|69
679|60
573|127
659|143
510|9
177|40
188|161
134|63
782|98
385|47
729|81
544|191
741|108
313|183
371|184
347|198
431|130
877|69
591|50
921|161
120|93
23|22
305|41
436|131
769|195
446|137
911|127
680|159
828|101
506|48
710|117
285|53
280|15
1|162
835|157
809|63
667|33
689|193
366|127
678|41
646|29
833|23
520|195
495|183
90|144
970|1
230|79
838|12
643|111
463|104
987|124
784|44
241|106
322|113
262|156
213|25
614|192
466|70
852|64
312|48
357|2
535|5
364|135
489|179
869|130
545|81
320|131
932|63
41|135
660|160
637|27
529|102
649|119
719|194
988|154
405|173
806|7
262|198
90|26
245|77
926|117
359|43
732|50
220|121
536|22
692|81
961|122
780|75
360|110
141|127
188|97
243|134
228|144
673|122
876|38
145|2
476|152
233|71
839|176
348|76
460|58
177|158
39|145
483|178
510|19
175|80
343|80
846|34
985|184
622|166
925|90
604|76
618|99
286|185
150|54
588|154
269|161
856|23
843|13
653|116
737|47
354|187
893|63
639|103
234|88
552|9
383|41
2|90
508|37
605|102
32|162
202|5
166|129
394|119
924|179
485|143
588|133
620|99
644|59
113|124
457|143
389|183
677|104
978|101
775|94
297|156
914|183
468|82
529|90
536|198
811|179
812|12
637|31
587|10
343|124
816|181
548|187
173|7
990|51
574|107
600|104
52|138
971|3
92|12
540|142
766|61
88|69
874|190
667|75
189|197
243|109
67|141
658|54
807|80
421|87
744|111
731|140
35|139
570|198
881|131
714|36
191|10
198|104
719|62
205|8
784|159
251|76
962|195
838|82
607|68
880|78
131|151
843|84
822|103
466|69
215|81
988|188
230|41
692|167
120|131
585|31
292|54
502|15
309|42
111|38
154|14
713|94
452|96
792|143
751|119
729|84
72|149
6|62
753|79
862|141
747|74
307|61
485|102
560|189
745|184
768|148
326|166
398|62
781|63
101|57
933|40
829|91
508|53
564|173
672|150
621|50
401|176
797|174
839|82
53|149
622|109
263|126
840|37
765|76
625|171
694|10
934|140
844|162
804|168
399|2
27|99
312|84
437|103
791|69
487|145
458|107
120|110
782|84
852|173
126|95
820|140
169|149
987|155
934|106
761|85
869|112
669|129
647|131
412|119
964|9
273|27
458|176
486|96
503|16
169|154
499|198
806|190
47|143
606|87
700|112
769|66
794|17
841|137
90|161
656|97
875|131
952|115
955|115
836|181
887|117
341|52
460|18
12|75
570|48
251|10
411|127
714|45
959|184
635|15
250|134
14|85
744|178
463|109
649|147
6|137
119|128
574|162
503|27
776|144
25|4
634|22
462|193
817|35
731|36
705|38
272|189
122|37
347|68
318|103
807|114
153|149
98|194
170|121
412|193
133|148
947|53
454|107
10|35
376|52
980|49
802|31
881|88
687|5
664|187
865|42
997|37
434|44
121|158
826|160
719|175
629|150
247|129
706|87
181|171
733|108
746|176
101|129
482|29
202|127
517|65
448|164
726|145
243|145
657|41
721|41
263|137
990|62
683|39
794|142
43|123
717|57
147|43
968|162
153|152
475|85
767|45
710|127
7|99
791|127
145|134
475|192
402|147
229|92
86|166
396|188
781|24
463|24
249|83
320|96
353|113
890|113
314|146
95|165
668|182
58|96
715|36
615|35
24|38
831|39
750|51
702|59
842|175
286|127
67|175
637|132
374|90
67|199
988|101
2|85
809|180
909|162
605|139
379|115
596|175
536|18
956|177
100|172
286|165
425|114
882|189
338|121
983|21
320|146
326|169
55|177
615|115
353|38
618|33
892|139
985|15
329|95
85|85
27|154
513|110
446|89
122|196
852|57
779|16
600|22
562|73
749|77
999|104
141|195
253|165
333|127
133|133
508|81
519|189
23|1
864|89
396|154
425|39
899|128
433|168
194|24
986|27
154|173
541|75
512|94
770|188
940|182
412|83
649|177
706|195
295|147
627|138
197|103
817|198
636|99
680|154
711|85
764|177
693|108
889|168
475|152
876|42
429|21
285|156
879|138
392|195
203|13
1|40
828|193
430|107
448|156
63|20
48|127
967|16
736|39
485|2
175|143
441|180
853|189
115|45
126|110
557|64
827|177
728|97
638|191
671|68
874|180
735|142
170|88
984|59
523|32
447|57
881|163
555|158
915|52
820|189
431|164
176|44
561|73
506|104
278|108
797|117
306|89
478|46
542|49
691|4
256|24
69|80
148|9
491|141
635|12
427|13
470|92
565|30
605|6
980|101
457|78
978|31
416|170
475|99
287|48
280|93
657|109
24|157
349|169
853|79
31|15
59|104
320|94
292|69
770|7
88|31
74|139
217|7
106|173
590|29
389|34
15|117
913|54
188|149
848|74
652|108
551|191
207|141
876|159
489|122
901|90
552|78
298|56
160|137
110|13
391|49
530|105
686|83
580|184
515|196
305|65
970|89
429|125
853|38
849|188
973|107
128|58
358|141
36|127
699|176
212|23
55|173
241|168
449|29
188|125
904|104
181|91
173|190
403|195
9|130
745|137
17|82
827|55
851|56
280|105
95|149
829|98
143|75
828|102
578|192
76|94
729|186
261|78
277|37
311|29
266|19
25|47
118|11
489|54
893|56
24|179
391|182
66|101
284|139
383|56
967|27
379|108
906|142
457|106
368|148
419|23
369|83
223|141
233|47
754|54
732|179
538|77
66|45
850|11
732|26
764|130
622|174
528|13
326|157
194|81
205|79
559|39
944|29
206|131
51|46
690|143
912|41
568|92
42|117
859|107
57|148
700|113
587|196
238|176
550|117
164|48
971|68
817|5
420|95
663|20
800|17
260|144
203|153
117|23
875|44
613|164
168|187
585|106
724|180
89|81
726|67
105|29
874|17
254|13
596|52
705|129
744|102
641|145
381|99
253|37
424|52
68|114
56|136
583|104
206|150
462|43
457|56
312|124
914|191
438|1
430|96
460|84
197|55
737|165
972|196
276|196
320|176
368|133
751|177
939|196
49|200
40|96
869|180
128|88
246|169
796|99
502|57
981|113
8|110
159|179
758|101
260|78
542|89
245|95
88|64
886|198
861|54
241|158
911|181
915|67
347|75
45|68
861|114
561|138
375|62
208|130
120|98
981|62
707|35
148|24
412|188
491|22
249|41
441|176
172|29
462|27
782|119
299|31
311|198
465|192
508|170
540|12
921|149
856|93
21|25
847|169
504|142
545|126
387|155
13|77
468|179
492|20
243|197
920|45
4|88
259|104
631|12
281|109
840|141
760|76
892|168
641|120
725|67
324|125
433|61
228|94
361|155
395|165
521|17
72|85
54|20
498|95
173|119
397|133
757|20
345|128
628|135
779|165
613|143
702|130
224|137
858|119
626|167
956|36
908|125
279|18
590|120
642|157
18|162
92|52
64|124
226|25
61|111
19|104
673|141
659|165
526|161
453|82
758|198
944|44
749|1
513|120
744|108
417|176
633|7
195|49
170|135
893|105
33|82
107|142
688|155
456|46
186|121
507|181
454|119
161|134
991|46
418|22
212|41
224|77
267|57
352|194
953|171
431|157
191|141
850|76
666|73
744|93
656|118
112|51
621|93
168|174
832|164
36|116
166|192
870|76
989|138
723|29
495|14
214|138
910|81
596|191
140|1
909|4
157|138
607|104
737|51
291|144
537|170
980|64
915|36
763|63
194|114
538|132
362|182
167|117
182|34
11|81
561|187
54|62
944|47
863|20
94|92
522|163
805|7
840|68
732|35
84|44
539|181
351|133
87|184
538|46
56|43
769|56
847|180
131|29
129|59
416|91
904|26
176|91
33|136
437|182
262|136
944|63
336|41
463|7
574|71
955|109
385|133
633|121
210|133
626|74
949|125
788|166
360|165
585|24
731|22
199|142
339|83
912|103
452|130
829|50
135|140
981|23
637|74
427|185
291|179
971|191
967|197
414|100
714|20
612|14
286|181
437|57
503|45
7|162
553|97
306|50
538|25
148|85
560|143
56|129
307|56
234|190
238|122
349|22
179|111
32|168
646|79
401|32
178|117
402|94
981|63
903|9
682|190
706|66
29|122
499|36
990|98
409|162
584|155
314|2
781|195
401|177
416|130
480|91
378|189
462|200
680|93
955|98
703|137
358|170
131|179
205|68
593|12
352|193
43|160
600|13
902|44
855|90
978|45
148|123
962|111
273|29
926|123
985|82
292|14
458|135
375|95
503|82
299|154
492|116
530|123
963|180
646|156
725|98
587|140
481|142
377|105
117|74
983|178
79|29
644|161
124|17
9|108
883|160
493|60
954|154
829|46
530|21
305|114
124|64
269|20
370|23
870|67
34|72
443|147
961|53
702|144
658|60
688|173
322|124
208|186
520|78
108|106
494|185
448|46
52|35
584|185
172|47
564|92
244|67
744|181
446|150
147|9
353|95
590|182
160|38
517|6
810|149
506|1
523|8
873|27
680|143
553|58
894|158
541|192
763|177
908|164
550|173
414|15
118|100
44|18
594|133
430|22
888|80
336|128
644|19
100|62
672|167
941|155
54|59
513|12
8|96
994|6
576|53
655|134
795|50
311|25
755|160
65|32
790|47
329|3
143|119
600|36
672|50
73|187
249|86
348|97
813|195
65|135
895|85
951|66
946|176
316|82
898|171
577|123
692|191
430|79
579|75
397|171
29|175
567|11
824|98
757|173
652|20
571|5
262|79
263|101
467|45
96|7
933|133
49|83
802|190
146|149
99|144
32|79
585|32
921|131
208|108
135|58
381|36
476|153
182|19
956|74
12|180
645|171
714|161
179|8
578|58
887|108
3|24
895|45
361|1
689|78
482|198
835|28
874|157
893|145
363|90
628|79
315|103
237|114
123|102
1000|155
115|8
943|77
702|101
207|49
668|88
557|125
109|44
918|71
588|37
110|29
603|111
894|111
869|70
836|46
775|33
897|132
353|121
21|126
486|153
308|31
161|194
327|26
539|124
369|197
344|159
508|150
833|163
13|176
348|11
74|181
786|119
469|64
472|14
1|10
247|161
271|136
238|120
119|58
801|164
203|5
694|59
522|181
882|185
715|26
467|154
197|178
130|103
235|58
123|92
968|152
748|95
511|101
399|118
376|60
475|65
146|184
56|137
754|33
883|18
320|135
258|14
886|168
372|50
915|66
317|126
726|58
394|147
795|105
811|5
605|1
710|172
758|197
137|86
143|82
802|92
420|44
878|52
857|129
576|143
638|58
20|155
108|15
55|118
317|37
654|121
524|196
415|194
345|172
377|132
35|113
485|128
672|83
919|185
817|15
572|64
344|12
90|114
518|53
961|87
902|6
643|81
47|153
448|38
219|108
833|196
178|149
780|61
737|179
476|39
540|2
4|162
53|102
992|141
394|40
684|196
867|184
891|51
256|67
391|115
752|9
386|134
776|79
517|121
87|13
222|75
407|46
289|188
918|50
649|23
288|126
750|79
909|93
78|23
423|196
423|60
263|28
911|120
118|149
606|105
525|51
862|139
988|112
265|78
764|83
296|85
311|132
158|105
754|2
668|34
844|116
928|60
596|181
200|139
75|55
10|157
291|22
294|95
571|169
378|191
854|27
642|100
508|138
662|101
194|102
263|8
640|129
648|22
252|176
698|179
235|177
273|178
441|187
99|48
516|128
342|29
705|170
680|152
64|158
473|89
607|79
84|199
697|9
188|31
21|26
953|70
205|102
735|103
195|181
236|56
719|135
170|75
553|127
788|79
870|181
286|30
759|14
132|134
907|42
631|102
349|48
942|103
391|90
10|64
41|162
80|173
154|145
164|45
415|179
463|46
788|94
734|51
234|76
124|93
445|75
587|39
464|76
254|114
146|188
208|168
649|54
303|198
956|116
636|162
495|22
561|105
376|66
937|44
486|55
238|125
428|78
445|15
659|174
180|43
630|155
258|140
210|59
637|57
50|70
999|142
984|164
414|111
768|93
600|54
212|90
484|74
420|116
529|69
55|66
207|92
9|53
87|30
316|117
444|76
215|172
466|36
351|147
802|176
433|90
811|149
391|86
746|120
611|152
436|80
527|42
46|59
618|174
525|130
290|70
280|18
414|161
112|130
879|52
468|150
894|144
379|156
760|86
778|175
714|166
52|177
322|73
144|57
194|98
493|172
125|65
734|146
652|28
84|191
924|4
279|83
57|139
267|160
644|26
485|55
242|58
47|2
640|199
856|112
539|3
353|179
505|42
229|106
658|195
473|19
637|158
501|151
909|141
485|11
198|45
194|126
287|28
688|14
73|77
805|129
134|57
286|123
864|69
104|92
830|60
590|36
420|191
111|69
936|56
542|150
494|195
941|183
583|138
431|102
603|17
650|5
912|98
880|31
913|114
274|38
945|200
886|16
761|185
215|158
193|149
394|163
362|71
718|100
792|148
506|64
408|67
727|79
250|87
171|36
121|162
45|13
662|37
304|88
62|110
569|36
223|38
949|128
863|142
197|90
885|26
711|19
810|45
824|158
758|176
884|121
963|55
463|151
411|25
526|102
144|19
162|111
380|68
832|13
281|11
951|97
59|81
508|111
619|28
655|161
348|20
599|140
573|17
606|25
385|172
952|60
547|92
541|199
56|4
932|42
150|176
386|68
665|5
560|185
125|23
125|144
380|141
945|96
950|160
126|53
34|40
490|19
230|129
634|169
68|166
338|133
365|149
639|138
335|64
214|136
436|75
939|1
212|98
231|36
343|70
428|19
222|187
45|163
112|107
428|48
831|107
10|188
133|29
135|194
785|124
609|180
790|28
53|6
12|177
287|16
198|62
678|93
250|49
111|3
765|98
599|48
299|170
632|50
67|144
505|81
621|43
484|45
817|90
47|89
266|189
725|123
835|140
293|191
997|23
458|2
129|54
831|61
539|110
684|161
437|97
665|60
959|168
457|62
435|23
492|184
453|3
427|155
407|111
770|17
796|112
797|45
806|136
761|69
414|70
203|74
343|110
457|94
306|69
94|150
800|58
548|107
292|113
480|10
164|144
948|17
873|150
794|195
529|84
679|87
584|70
608|66
434|9
610|137
485|37
554|185
16|12
411|100
59|152
405|72
650|184
204|37
992|149
785|199
199|17
743|28
616|158
73|63
964|10
299|79
3|2
398|169
256|136
207|80
249|70
752|141
895|51
928|29
962|129
413|62
230|66
868|40
648|76
207|146
869|85
927|49
852|65
917|18
341|147
226|29
596|41
477|27
795|26
188|112
42|105
418|159
259|28
930|132
554|142
146|22
25|187
579|160
753|109
767|57
522|10
395|117
255|120
17|167
532|11
480|82
827|176
928|32
78|111
20|159
679|190
561|2
5|200
878|143
381|181
326|128
881|33
549|130
203|52
635|1
535|61
255|166
181|53
320|39
146|37
846|100
774|101
95|76
432|86
144|13
120|167
984|101
782|149
504|70
464|198
303|86
312|144
614|119
872|100
787|82
474|136
651|32
622|116
834|164
177|60
623|190
162|89
107|98
301|182
796|198
966|13
312|112
79|127
226|66
35|7
161|68
991|92
684|129
822|145
437|165
968|78
864|182
279|162
239|105
118|80
398|27
333|103
311|181
909|66
815|169
19|27
367|192
311|118
463|4
321|8
906|143
977|107
763|106
415|74
249|129
215|68
218|113
415|39
694|109
215|103
307|53
936|101
443|92
838|90
674|159
612|162
752|61
507|108
625|28
162|132
410|137
100|41
700|109
199|87
416|12
347|126
902|74
728|150
292|30
772|141
63|51
519|6
963|37
24|67
270|94
966|10
232|151
664|52
907|159
541|65
77|30
417|58
42|43
809|131
34|27
170|7
764|54
780|74
484|160
372|75
993|200
627|95
146|166
820|164
648|108
592|119
862|59
903|171
787|141
829|112
515|17
732|153
86|78
48|116
105|43
33|182
802|22
579|186
906|105
945|146
118|37
730|123
775|124
1000|178
359|27
911|82
421|182
300|66
980|46
29|187
196|86
986|60
976|179
728|56
712|94
269|79
599|87
231|120
318|152
574|184
845|144
862|29
880|27
342|97
527|145
444|153
116|200
966|184
583|25
239|163
289|101
210|114
950|34
875|142
958|76
27|140
686|92
682|27
757|114
407|155
404|19
322|94
60|76
457|17
49|130
977|175
544|102
122|157
737|40
529|37
326|130
103|51
665|42
458|81
519|86
321|30
183|59
105|150
318|30
280|80
894|133
849|169
499|20
889|92
388|127
206|103
579|81
456|16
187|14
63|56
983|186
474|52
243|136
567|108
349|156
561|108
276|65
413|84
19|43
27|179
784|20
489|33
229|139
707|62
348|107
914|69
135|33
341|3
6|169
498|140
852|118
567|172
966|121
922|146
680|80
180|163
261|77
505|92
339|149
762|78
957|164
114|125
363|122
392|26
241|38
242|160
524|54
742|116
203|41
520|107
497|68
622|99
68|76
82|132
37|112
49|171
27|170
23|164
159|157
67|47
266|139
190|117
670|47
573|53
274|162
87|64
704|24
786|194
239|107
483|22
337|62
731|46
570|119
547|75
111|22
325|111
859|91
258|180
933|97
802|154
576|196
484|135
899|149
70|104
144|195
868|181
88|59
235|23
429|146
703|10
100|125
688|137
475|145
565|73
362|80
433|11
69|41
105|144
379|4
802|82
321|18
566|171
795|15
892|181
859|8
278|134
749|161
315|189
78|181
219|134
965|125
725|70
852|102
31|49
302|172
468|148
311|178
665|151
966|108
137|108
40|3
300|69
137|92
639|182
871|198
637|186
979|100
435|68
695|182
307|55
85|162
4|81
164|178
408|51
772|112
82|159
263|124
543|92
904|132
905|135
880|158
540|139
347|27
829|24
610|174
916|93
638|71
616|157
754|40
598|39
39|84
469|49
268|102
827|3
162|173
130|144
736|140
317|57
58|161
338|65
815|55
243|58
549|190
776|55
900|119
815|9
862|183
563|100
654|87
20|136
469|126
223|159
243|20
428|94
39|177
978|159
694|169
33|170
561|180
348|129
677|174
998|175
157|109
623|72
874|96
493|91
701|171
246|117
74|9
588|179
846|115
508|186
212|19
465|62
924|161
759|142
51|53
126|106
614|128
874|93
598|43
925|188
431|147
139|149
914|25
305|33
301|169
665|68
605|43
289|169
626|158
303|196
123|197
706|139
411|185
970|14
122|57
157|87
914|10
345|48
43|161
193|126
426|166
644|93
57|67
664|145
381|92
921|64
949|183
174|109
316|58
542|181
86|194
191|175
698|164
690|134
628|189
635|196
894|41
782|10
811|78
520|183
423|117
316|143
880|12
170|151
483|175
453|138
510|185
525|113
128|116
354|127
900|45
244|96
101|16
857|86
858|191
283|66
937|53
82|189
42|23
100|90
517|188
442|174
166|106
850|161
924|47
306|124
553|15
393|109
236|17
997|198
564|89
428|62
924|15
368|172
833|43
321|2
305|168
307|163
993|191
338|125
57|130
340|5
318|171
104|82
463|133
719|139
859|142
317|71
447|171
625|187
85|147
969|184
700|39
963|77
390|133
766|23
428|125
890|14
724|197
953|193
712|4
490|99
639|61
732|113
666|112
254|137
333|105
437|50
650|128
965|56
831|105
367|125
819|88
688|147
18|45
359|71
405|24
550|72
999|66
258|138
597|11
248|50
189|106
13|94
92|85
532|71
152|181
849|155
821|143
635|26
787|101
91|15
30|163
966|3
67|7
713|145
121|16
453|16
854|11
971|34
519|61
784|83
107|28
543|176
420|136
187|186
818|185
734|21
278|63
331|86
290|39
87|190
981|130
693|165
60|41
294|22
37|130
718|148
700|21
33|162
256|53
403|111
6|108
949|15
192|74
808|18
536|153
359|195
772|184
969|72
873|17
545|198
77|73
997|124
584|125
729|180
420|51
833|83
642|76
322|99
1|188
830|46
708|178
518|156
738|35
772|73
882|133
53|70
775|22
745|193
407|45
505|169
453|92
771|8
488|29
280|17
654|112
431|31
52|115
974|178
923|145
146|178
750|105
994|28
739|117
295|62
398|81
709|76
719|113
109|53
590|131
165|20
178|81
772|148
694|33
418|102
172|119
819|191
438|16
953|144
38|46
617|127
627|51
912|76
238|84
731|67
707|117
2|19
204|165
399|71
913|47
405|175
393|57
493|36
743|72
764|14
448|185
928|66
908|28
85|126
241|14
889|150
894|108
722|9
545|92
344|82
733|178
565|112
798|165
89|176
58|44
578|117
757|97
233|104
696|157
912|128
127|17
262|30
267|79
51|188
941|80
210|157
456|39
469|17
326|15
896|134
872|171
403|138
649|195
381|119
906|196
461|85
79|144
64|119
242|79
830|158
642|120
203|39
609|103
39|65
63|120
342|66
683|125
944|18
615|196
372|61
556|65
847|51
473|33
811|9
586|90
957|7
705|48
150|41
312|32
342|159
102|170
508|102
145|147
443|112
28|74
864|117
750|19
200|9
847|111
288|50
994|120
71|39
211|48
46|84
913|157
832|61
87|98
333|147
119|34
282|29
319|46
847|14
846|152
521|176
325|68
677|182
783|117
224|187
7|185
40|104
521|102
987|110
698|154
827|43
509|189
191|146
732|109
260|124
655|83
252|33
237|168
191|167
57|120
273|47
754|156
871|12
145|199
529|89
781|76
842|142
858|124
785|144
68|58
86|41
438|34
295|59
696|39
175|84
738|42
74|173
548|16
778|45
508|45
130|59
572|118
384|118
998|73
827|191
597|64
370|126
228|186
836|34
84|18
971|60
109|178
340|57
472|190
151|123
20|102
811|49
96|137
125|198
988|153
548|189
980|102
537|45
267|81
242|44
159|199
370|197
446|123
47|8
453|36
929|88
540|99
40|77
947|97
135|144
735|33
417|50
940|88
738|117
862|76
716|12
105|23
737|111
714|182
365|106
635|133
674|41
571|146
553|37
6|23
960|193
402|146
612|35
623|125
154|13
607|115
28|162
910|105
256|35
274|50
213|57
628|198
608|43
537|178
920|185
879|158
336|116
94|44
518|185
826|23
348|54
332|81
931|36
728|92
136|118
720|182
193|94
111|154
478|85
486|184
513|19
29|13
993|33
758|172
277|107
593|56
641|118
894|120
885|155
781|136
694|37
192|57
297|166
65|179
146|31
295|48
12|146
188|177
602|129
512|146
429|11
887|40
393|34
18|144
597|13
933|173
382|111
985|115
387|168
80|200
928|11
1|108
222|60
899|189
844|156
702|140
577|53
692|103
499|1
403|55
901|45
112|24
276|43
993|105
82|128
217|83
400|12
713|131
551|28
129|62
938|40
966|146
250|179
861|134
892|150
530|10
244|156
778|117
161|121
136|107
990|105
326|102
679|28
293|144
62|4
680|21
900|37
582|16
960|66
189|101
721|87
927|168
989|37
445|107
780|174
172|18
461|191
577|65
407|128
282|49
885|138
880|90
303|50
85|27
950|73
117|146
683|134
22|77
771|27
244|34
136|104
74|95
465|200
697|89
418|14
500|27
921|181
606|116
777|180
717|20
417|56
962|165
926|48
877|100
329|102
693|128
832|137
268|137
56|168
380|31
292|7
45|73
647|140
15|164
720|146
155|192
393|78
674|152
254|46
649|136
923|47
597|129
383|5
737|57
87|119
165|107
641|127
86|25
232|81
574|33
757|72
342|133
324|196
879|28
321|74
281|83
421|85
542|136
520|50
831|117
790|55
175|125
334|60
807|168
90|139
336|34
275|15
376|193
636|86
433|177
593|188
383|85
303|163
321|157
340|55
896|158
852|179
250|100
65|95
982|99
868|56
830|140
128|155
541|135
325|99
887|115
452|133
673|169
449|121
687|80
628|70
75|150
879|107
168|128
729|175
172|27
999|140
868|119
280|16
532|8
980|53
153|25
958|143
793|31
322|170
954|105
732|180
747|192
481|2
218|7
201|26
914|142
33|146
231|62
685|168
930|97
453|93
600|102
184|54
378|103
473|79
657|104
340|83
889|9
325|93
219|171
62|125
384|146
998|44
856|70
176|38
521|119
491|173
13|114
687|143
923|138
147|26
204|9
721|98
761|149
579|49
30|178
616|175
184|170
529|26
688|25
814|124
604|199
291|157
863|18
908|14
514|146
103|193
856|58
661|172
653|161
795|56
867|42
832|1
249|113
237|177
489|154
67|67
606|39
640|72
111|188
895|151
67|194
580|166
520|90
245|48
187|159
762|178
742|124
289|3
957|122
305|147
602|88
309|198
237|186
766|153
695|118
593|27
974|9
223|188
908|175
998|122
475|14
753|43
973|28
589|84
272|62
782|23
682|26
654|106
609|72
953|199
742|2
926|9
616|135
853|23
980|1
946|59
204|106
867|166
515|13
249|72
972|67
77|109
818|136
573|157
453|11
923|95
117|89
639|172
503|5
664|125
342|151
144|151
301|78
553|66
332|152
524|13
471|65
650|76
41|118
218|146
166|163
785|19
662|49
533|43
884|164
232|194
504|50
763|192
708|192
441|3
957|118
517|108
807|165
802|119
327|50
426|190
267|16
177|146
193|136
648|186
726|176
506|115
912|110
699|111
586|132
544|26
988|11
703|84
23|150
4|147
841|114
482|86
512|99
256|6
545|110
67|123
904|27
497|21
46|65
759|100
516|104
561|159
855|95
321|21
996|84
825|92
880|17
359|111
794|167
84|32
836|74
521|94
671|115
300|122
746|139
942|41
103|26
752|106
424|95
826|129
756|153
16|192
436|92
608|171
414|99
788|189
306|33
158|154
769|160
838|92
400|157
719|83
296|68
17|160
988|62
162|114
410|146
53|156
938|153
144|180
555|111
155|156
360|103
684|184
504|144
280|133
74|28
967|100
897|13
17|13
591|85
113|183
283|105
242|108
11|90
962|20
120|161
920|75
549|23
494|145
633|148
567|46
188|82
396|8
807|91
420|25
659|120
231|153
612|18
395|141
90|116
744|75
878|33
840|79
229|136
900|7
830|174
304|70
959|17
433|150
752|8
910|177
496|174
785|155
337|13
991|100
417|14
832|24
474|187
428|115
697|37
450|38
709|80
449|23
646|84
532|158
827|28
636|54
689|52
968|15
89|129
738|119
835|60
734|167
17|187
269|16
423|61
306|82
141|118
608|142
712|102
110|187
619|81
43|28
27|148
476|65
809|84
827|81
512|92
513|100
771|60
906|187
890|42
709|49
131|147
367|129
370|14
216|85
434|66
879|200
21|105
280|64
871|66
988|54
575|142
868|133
186|81
603|24
424|120
61|136
592|57
700|31
322|44
239|60
689|39
886|170
29|6
290|84
604|157
568|198
116|23
440|154
19|37
861|42
5|59
343|77
938|118
823|73
540|46
417|187
155|139
47|158
555|2
258|113
156|104
292|107
328|142
688|80
785|88
389|81
764|84
820|23
337|94
364|136
316|5
190|175
382|151
233|150
498|76
83|181
993|77
551|150
477|67
48|91
833|172
301|54
306|58
853|59
919|196
462|56
866|106
109|198
626|15
684|177
919|100
246|115
992|100
897|169
529|172
567|119
141|79
734|17
5|51
40|181
777|111
581|158
12|37
286|133
132|2
918|57
554|8
553|118
785|117
340|26
425|161
147|131
746|197
284|14
248|152
22|122
489|120
928|101
543|177
569|64
947|163
296|72
659|106
1|198
151|112
850|100
235|61
346|13
27|110
236|69
817|179
891|57
27|7
263|156
696|108
624|134
281|21
22|124
168|39
779|171
35|135
812|117
363|177
191|9
702|21
936|73
185|191
35|118
72|165
341|134
926|104
206|94
703|115
885|109
123|144
442|77
558|105
967|158
509|6
951|65
148|172
14|28
433|49
585|61
974|51
812|29
459|155
859|176
538|20
301|75
631|83
735|65
214|33
892|56
185|74
545|164
620|122
626|132
300|136
411|5
802|167
564|81
733|21
953|127
418|119
339|167
315|68
284|121
549|58
362|175
963|78
637|7
779|100
905|149
370|140
187|45
687|42
262|139
325|72
620|55
724|41
767|78
633|90
499|187
770|47
667|73
694|185
335|24
768|152
849|107
625|145
788|34
281|84
501|142
720|34
714|65
256|97
661|96
178|24
144|18
103|89
366|166
563|147
253|14
616|84
673|19
121|59
554|147
954|169
182|89
619|114
471|129
119|37
479|131
855|23
40|79
990|182
312|97
877|82
89|22
599|144
146|101
517|102
566|179
993|136
141|143
812|158
540|84
8|138
573|93
521|56
342|148
394|104
357|135
685|3
869|195
508|28
512|67
533|94
595|49
426|58
268|81
875|85
748|35
674|78
153|57
249|2
968|96
491|84
420|50
862|56
120|145
406|198
929|86
338|92
882|167
109|145
470|192
101|62
947|165
423|49
187|89
446|97
243|50
540|144
256|126
856|167
313|104
604|44
301|30
317|84
989|188
880|185
112|33
237|61
892|123
659|162
739|104
508|61
500|15
197|32
957|50
783|15
69|192
51|133
766|67
451|116
810|102
185|140
914|187
832|64
842|136
566|106
162|13
245|115
592|173
648|42
25|1
124|102
30|9
912|200
3|64
135|83
155|16
144|72
179|21
558|118
591|146
703|39
794|160
159|41
396|144
426|192
383|155
225|63
718|122
34|157
155|145
420|114
538|187
141|154
714|100
157|122
799|40
489|111
439|106
344|43
293|158
919|153
961|110
694|64
451|151
138|107
421|154
373|139
549|159
553|92
738|195
69|30
744|139
544|41
413|134
217|151
489|137
802|102
474|111
172|133
772|59
283|163
34|75
588|198
468|124
219|32
78|77
391|129
194|178
794|34
712|92
828|95
217|152
576|67
869|158
686|136
406|90
477|58
605|57
171|119
551|58
340|161
897|50
726|177
529|139
358|193
667|32
527|20
758|26
516|38
508|47
297|60
231|20
516|65
826|168
973|47
861|67
864|105
170|154
970|127
738|98
916|197
410|162
87|4
978|175
375|165
401|136
89|15
858|106
591|175
450|171
966|37
296|46
801|110
757|155
463|40
561|97
450|71
484|36
747|68
9|10
273|117
175|58
969|118
369|107
255|168
288|5
44|106
215|194
498|194
410|36
542|90
644|165
778|96
136|32
713|42
27|55
488|89
992|169
537|200
502|28
705|98
606|107
695|190
789|159
679|27
248|169
410|43
629|145
519|83
922|42
527|82
83|106
716|49
208|154
221|16
938|129
673|23
952|87
606|17
799|158
227|122
58|126
5|103
519|29
768|155
81|98
798|4
254|23
998|13
7|170
520|129
497|125
71|183
276|154
702|108
589|141
835|105
665|140
967|109
146|20
555|198
783|60
393|144
19|84
722|69
57|172
541|196
371|65
858|105
14|137
960|85
118|103
896|189
93|26
913|149
94|131
481|116
462|156
781|56
8|55
597|184
660|143
473|93
722|120
66|96
698|132
239|78
955|180
832|4
576|47
965|185
601|158
957|17
680|111
685|149
773|71
686|98
179|25
817|13
800|167
221|184
938|194
892|6
136|153
21|119
329|26
727|169
61|138
491|122
112|32
270|133
578|81
938|72
548|94
927|161
418|197
490|44
682|192
919|14
379|73
154|17
435|187
232|14
107|40
429|123
147|197
766|46
219|45
838|30
632|58
48|87
219|81
640|184
275|73
619|38
179|60
852|78
874|181
608|140
81|36
286|5
933|136
572|96
66|98
665|185
241|59
927|134
851|193
506|180
231|112
740|176
166|122
877|19
518|97
560|196
607|98
385|13
583|38
974|197
225|26
576|140
467|107
626|168
390|26
254|89
732|111
14|188
772|175
150|27
873|83
419|126
249|137
114|57
274|154
397|178
374|73
658|121
326|40
510|54
944|128
79|4
951|62
947|149
11|174
345|132
347|164
77|140
804|74
693|190
816|28
304|137
679|182
990|61
519|168
872|74
930|178
978|82
728|102
388|52
47|127
271|16
956|71
258|57
150|48
128|40
223|123
888|11
977|49
606|188
206|188
343|159
338|107
689|199
818|159
236|10
16|191
764|170
127|159
870|82
235|173
298|174
607|141
361|143
96|28
180|170
410|133
415|27
774|188
976|89
649|105
477|10
919|111
845|102
530|137
479|121
144|120
232|143
410|147
387|181
469|106
767|61
671|128
966|155
352|174
285|54
872|143
631|86
890|175
654|70
247|83
120|83
932|101
858|54
291|64
652|133
552|136
589|35
379|173
87|16
163|31
869|40
825|44
921|173
835|40
412|116
208|19
15|36
729|152
76|88
839|37
377|43
730|199
390|137
141|193
245|123
226|23
830|143
635|4
870|75
576|123
566|188
190|91
342|171
444|163
893|82
555|37
870|87
771|172
364|11
536|14
607|152
410|191
840|50
296|29
540|94
747|40
400|49
334|102
930|130
509|91
456|13
727|133
677|195
907|181
537|61
959|190
990|158
484|47
171|5
252|164
965|33
779|41
207|66
597|198
152|19
559|106
13|91
677|192
880|150
267|48
26|71
306|150
297|98
673|108
834|191
178|158
959|7
199|126
688|62
891|163
92|70
785|109
478|17
496|65
607|165
522|85
498|75
619|80
710|125
969|24
226|2
975|84
572|99
475|80
532|28
23|4
83|24
549|171
216|12
863|141
570|87
184|144
103|32
691|197
892|151
199|24
811|180
347|65
201|17
838|113
1|53
895|8
453|81
452|184
920|108
729|140
172|34
12|105
953|28
406|89
938|65
506|49
541|58
725|130
982|93
544|200
777|93
392|107
903|95
750|82
714|57
748|73
877|125
717|18
218|16
34|26
606|32
606|190
967|3
598|197
806|198
469|161
217|19
513|13
312|128
785|37
24|42
253|190
159|21
912|22
185|123
828|182
5|181
165|83
793|28
213|68
84|54
153|77
194|111
386|143
941|101
97|65
948|14
246|124
156|132
994|186
307|122
456|181
827|114
385|62
216|144
369|5
387|36
250|125
9|22
752|197
925|64
392|5
815|188
774|107
742|22
143|66
786|162
52|71
784|41
72|167
396|69
151|49
268|53
858|58
382|127
769|8
773|72
655|108
102|158
887|84
110|83
241|26
285|150
752|86
730|140
851|164
671|9
351|47
296|191
450|125
376|138
705|190
658|151
109|193
892|198
973|111
83|122
752|19
709|193
503|123
543|64
309|104
209|96
43|189
392|63
202|70
125|15
105|123
788|119
61|174
353|161
485|192
474|76
447|53
290|85
862|97
636|72
554|167
119|193
545|48
34|102
273|44
699|92
726|124
350|66
348|49
361|166
778|140
479|84
20|139
491|101
122|76
85|60
799|41
7|133
591|44
115|168
917|43
589|123
853|17
133|60
509|1
769|79
117|45
648|39
206|159
212|128
167|151
361|192
627|153
431|95
418|129
561|18
451|90
53|30
769|179
602|58
833|71
18|142
546|54
407|52
281|161
712|142
601|124
414|84
821|141
995|197
473|94
908|196
812|52
860|64
717|16
277|115
830|27
654|186
437|185
663|90
892|108
957|147
657|180
703|61
521|40
633|63
354|94
714|52
718|72
277|24
38|190
865|112
133|132
771|19
921|113
916|79
424|175
190|150
508|147
608|111
79|143
608|101
983|183
842|18
105|2
727|127
458|8
125|138
769|197
866|76
198|156
9|68
161|43
164|162
994|115
507|130
710|142
641|97
905|86
706|68
399|154
980|32
37|64
615|65
34|112
784|199
379|198
960|179
19|5
133|68
829|141
814|128
938|11
395|125
112|6
255|14
347|103
22|95
153|51
780|121
242|67
346|182
517|176
707|57
564|128
716|36
255|101
88|21
546|42
251|147
484|196
606|76
416|45
233|40
504|156
330|45
466|171
34|178
568|101
543|85
265|185
570|151
422|148
805|27
834|74
809|165
187|76
248|142
73|39
663|37
788|118
592|192
406|157
853|174
833|13
85|101
857|173
689|59
842|154
96|52
624|102
107|139
987|96
188|173
245|25
329|198
819|127
336|184
905|107
426|36
560|71
342|15
846|127
198|121
796|102
309|32
849|171
837|102
982|44
225|7
964|22
764|26
227|70
568|76
484|18
369|126
20|52
758|170
345|106
455|16
465|53
324|182
388|183
164|24
398|21
832|96
950|197
853|37
715|120
821|26
63|150
878|44
723|113
186|142
353|135
474|56
172|5
642|113
962|150
278|190
35|35
473|196
798|131
965|65
997|155
248|159
682|120
787|47
268|18
932|83
753|173
337|85
15|170
675|52
915|105
717|167
72|59
467|141
535|42
204|125
362|61
358|97
853|34
335|38
938|77
603|55
339|93
372|146
15|69
994|105
511|91
372|169
924|50
643|20
993|170
211|62
784|60
357|30
233|181
193|154
25|166
816|13
402|145
830|120
34|57
65|45
602|139
830|84
517|94
52|83
364|197
447|139
367|151
886|199
98|125
674|192
627|73
551|94
537|14
538|114
500|106
610|164
178|50
829|66
653|24
374|69
975|45
95|186
669|32
774|128
29|105
395|11
446|102
487|172
588|161
207|87
195|8
164|197
407|49
939|119
303|176
485|136
808|86
278|146
982|91
283|36
359|155
734|189
473|165
486|194
341|80
846|7
925|37
156|196
245|73
620|88
945|12
139|42
339|114
676|90
313|173
531|20
952|133
275|160
207|95
748|189
834|193
793|38
920|161
86|177
954|82
849|91
403|181
58|83
929|92
899|132
616|4
718|87
515|52
679|111
740|141
427|36
656|113
409|181
603|137
162|107
386|150
819|192
824|180
160|182
375|5
446|85
834|70
76|122
985|98
529|188
467|37
239|43
661|145
449|124
517|178
669|161
807|161
600|99
88|116
437|158
296|146
505|78
619|168
459|127
361|66
156|110
190|124
650|179
442|123
2|160
164|193
185|3
661|157
745|198
103|92
62|107
351|7
968|88
92|168
87|3
134|96
310|17
625|181
630|85
529|83
174|46
170|139
270|150
117|65
922|48
964|72
496|157
755|25
599|78
224|117
854|150
834|129
957|66
691|23
53|47
505|106
11|40
547|29
237|72
740|115
375|130
260|81
436|29
93|169
138|185
271|103
674|166
390|183
447|91
490|53
661|115
462|18
924|198
625|110
169|184
744|172
44|193
923|187
531|194
634|79
590|96
642|184
183|98
240|77
494|142
981|67
815|39
298|195
269|135
708|147
756|132
357|68
967|99
574|157
401|50
221|103
179|192
956|103
249|197
866|114
197|64
492|53
704|74
306|166
181|113
360|185
817|153
155|175
669|111
826|6
698|58
793|66
299|128
405|147
17|12
864|167
314|154
898|120
593|156
420|181
534|60
996|163
508|75
500|162
350|142
574|84
721|108
157|127
361|195
754|115
645|75
554|7
901|7
248|63
84|99
604|181
480|123
733|51
261|139
515|24
374|61
726|99
395|51
195|180
989|94
636|183
958|191
436|60
847|121
678|168
355|4
9|194
432|131
387|78
467|156
697|66
431|32
923|167
445|20
996|3
708|190
260|37
891|152
944|100
750|56
560|195
631|185
336|168
727|53
324|164
48|131
564|169
539|131
806|132
202|69
881|106
687|106
968|158
923|140
602|154
645|50
462|29
944|166
775|191
299|60
841|101
941|91
943|59
680|192
194|41
880|151
58|28
559|48
954|160
761|81
860|126
710|98
127|187
480|153
725|53
725|66
101|48
678|51
154|121
880|161
534|195
478|20
122|53
193|88
845|182
735|118
953|145
969|77
475|94
153|94
358|53
908|88
729|49
670|149
566|77
371|142
186|198
798|42
647|116
421|56
865|9
835|99
428|79
680|113
451|174
34|12
60|94
143|97
700|101
32|158
52|95
779|187
452|114
409|163
454|14
842|54
345|16
788|80
51|187
619|95
142|21
956|72
543|74
945|104
726|113
107|130
572|59
754|60
830|191
586|27
331|72
771|121
223|40
592|130
461|51
297|85
133|107
463|179
850|183
122|94
369|2
608|91
770|131
959|172
721|4
738|194
998|169
930|10
119|127
253|21
841|168
958|43
304|163
258|197
820|180
399|106
645|48
847|153
109|179
833|89
693|131
903|103
692|6
536|23
10|37
60|6
245|36
525|110
987|132
522|177
338|116
500|184
843|198
766|7
745|15
618|38
141|121
787|184
335|29
180|153
499|118
471|64
730|185
988|123
474|154
37|12
58|53
495|108
673|164
777|150
777|83
665|128
958|102
370|151
160|178
260|30
414|125
448|64
266|89
442|90
503|74
51|73
188|114
612|69
558|49
683|177
718|13
887|21
491|65
553|80
728|12
336|3
732|5
229|66
531|197
474|200
601|67
707|73
550|2
390|36
748|145
335|91
603|107
146|5
490|51
892|104
482|186
795|196
10|142
242|24
882|124
711|192
771|127
452|129
72|98
939|116
748|113
1|30
950|94
250|101
493|34
272|144
603|112
977|20
35|95
301|181
811|2
139|142
571|185
71|93
697|150
167|63
455|160
263|74
548|73
33|180
457|12
858|198
184|104
239|143
117|192
388|107
301|95
646|64
320|42
634|98
514|9
334|27
741|99
439|175
969|11
744|40
592|145
584|52
496|167
338|38
915|134
871|25
386|18
804|21
419|200
217|157
458|177
470|122
410|89
85|179
286|72
119|17
990|54
500|42
628|180
602|125
367|164
883|44
396|68
969|191
496|173
716|10
489|139
492|75
379|187
315|48
378|17
148|164
864|147
345|64
515|131
414|136
450|198
759|128
806|133
422|186
729|13
958|200
873|9
979|80
151|118
618|7
817|112
234|123
350|108
35|184
84|113
173|112
414|120
678|85
622|192
587|11
303|90
293|39
958|108
958|2
984|104
517|118
395|198
48|109
931|179
42|194
839|88
98|187
318|147
310|147
291|193
572|37
717|50
369|22
431|39
753|144
839|38
896|44
367|23
312|95
177|16
458|149
158|8
562|132
910|7
351|102
124|80
709|11
936|134
226|56
739|31
236|15
54|5
815|197
107|12
635|77
283|11
906|26
886|15
378|108
302|108
384|90
149|148
553|138
964|70
780|106
639|106
967|157
398|65
288|136
36|47
699|93
249|52
253|87
61|166
418|59
338|188
88|44
749|59
381|13
111|50
458|38
447|150
749|127
415|162
373|140
723|40
692|145
685|126
345|26
468|117
415|14
731|111
879|174
686|115
148|73
49|118
691|120
426|21
681|164
525|34
87|88
792|48
312|87
462|128
193|179
453|70
1|20
552|186
214|192
130|195
588|134
56|22
330|43
945|67
199|32
380|36
996|170
262|60
262|80
535|157
613|81
973|157
274|20
551|95
541|198
809|130
26|128
315|105
531|115
652|168
374|40
49|115
564|137
865|5
574|151
235|60
433|137
814|135
204|25
494|101
719|163
909|100
714|4
496|67
368|160
927|152
126|24
169|196
889|27
298|117
537|74
690|95
393|3
720|74
589|20
566|84
202|129
450|131
945|63
25|136
615|184
62|190
517|63
165|6
469|164
503|6
747|138
547|38
854|72
213|12
356|103
815|32
193|6
10|117
665|72
649|122
874|71
672|99
564|25
354|56
10|29
784|116
976|187
313|17
146|165
852|174
825|161
826|97
636|139
872|176
455|135
358|28
634|151
578|152
64|153
393|62
868|170
89|161
828|175
564|26
804|23
446|75
432|199
830|87
849|191
310|190
945|30
354|149
3|123
676|66
755|97
713|59
802|159
527|81
674|113
887|150
158|65
383|115
171|189
369|110
403|113
107|167
396|40
196|168
807|193
297|187
473|158
617|74
808|136
885|195
946|73
875|36
450|72
339|143
979|102
466|97
863|109
710|81
502|45
1000|166
615|83
509|119
292|110
66|158
491|23
965|128
675|106
249|155
670|78
404|143
435|110
434|169
17|100
798|21
25|167
383|131
301|156
63|167
49|173
342|80
579|181
522|95
551|60
568|125
695|138
567|32
635|58
835|93
832|165
311|188
39|118
366|10
25|91
892|171
197|97
31|60
266|123
768|141
43|130
273|171
522|197
538|172
470|142
33|79
894|169
411|190
121|200
996|27
9|26
144|67
12|109
539|151
275|101
889|46
64|196
541|15
989|151
617|101
479|123
514|133
667|172
617|187
139|147
451|6
64|30
588|13
461|176
778|169
513|155
758|7
494|40
66|131
90|92
293|145
47|95
686|105
427|146
654|68
636|23
427|93
728|112
560|171
795|122
767|160
127|144
680|45
980|10
584|116
717|120
302|115
546|181
558|85
486|86
734|47
846|96
529|173
322|188
208|120
955|146
494|131
16|57
571|107
268|83
186|60
188|158
140|20
153|155
457|145
688|26
568|42
96|17
786|123
890|155
819|182
181|139
574|28
928|173
805|60
333|42
116|105
763|127
893|86
841|5
164|31
255|8
820|46
609|181
134|48
102|188
602|168
330|90
164|6
166|171
764|75
558|134
87|21
247|82
571|173
40|183
346|200
264|198
969|146
952|44
476|50
4|41
948|165
691|139
636|119
991|181
714|115
212|80
872|194
952|198
603|143
845|185
683|65
972|33
125|34
685|57
70|6
44|74
761|171
212|170
54|96
183|157
587|178
897|134
163|40
606|112
756|19
208|12
506|188
490|4
725|49
289|124
815|196
370|97
724|94
796|107
940|194
492|189
809|174
312|155
871|146
106|65
839|127
757|48
320|55
98|111
55|166
106|124
940|189
649|172
88|135
32|183
966|115
34|126
106|1
